link_1,link_2,link_3,link_4,link_5
"data:image/jpeg;base64,/9j/4AAQSkZJRgABAQAAAQABAAD/2wCEAAkGBxISEg8QEBIPEhAQEBAQDg4QEBAPDw8PFRIXFhUSExMYHSggGBolGxcTITEhJSkrLi4uFx8zODMtNygtLisBCgoKDg0OGxAQGC0lHSYtNS0vLy0rNzAuLSstNS4vLS0tLTAzNS0tLS4tLS0tLSstKzUtLS0rLS0tLTIrLS0tNf/AABEIAOEA4QMBIgACEQEDEQH/xAAbAAEAAgMBAQAAAAAAAAAAAAAABAUDBgcBAv/EAEMQAAIBAgMDBwYMBQQDAAAAAAABAgMRBCExElGRBQYTIkFxoVJhgZLB0QcUIzJCYnKisbLC4RUzU4LwY3PS8TRDo//EABoBAQACAwEAAAAAAAAAAAAAAAABAwIEBQb/xAAqEQEAAgIABQIEBwAAAAAAAAAAAQIDEQQSEyExFGIFIkFRIzJScaGxwf/aAAwDAQACEQMRAD8A7iAAAAAAAAAAAAAAAAAAAAAAAAAAAAAAAAAAAAAAAAAAAAAAAAAAB5chcu/+Nif9ir+RnE1X+t2eUUZc3TnWmF78rvQOD/Gn5T7PpNn3HGyWk5av6bKvVe1h1Yd1Bwt8oS/qS9eRi+Oy8uevlSJ9V7U9WHeQcC+MS8qXrMOvLypesx6r2o60fZ30HAnWl5Uu36TPFiJL6cvWY9V7TrQ78DhGFxHykOu29uNut23O7luHL1N9llbcwAC5kAAAAAAAAAAAAAAAAAAAAAPivSU4yg9JRcX3NWZwyrhmrp6xbjL7UXZndjknLuG2cZiodnSufrpT/UaXGdqxZTlruGuOkty4HnRLcuCJ+Io2Zh2TTi+2rMI3RLcuCHQrcuCJGyeqP/RPMIvQrcuCHQrcuCJNhsjmEZ0VuXBHiorcuCJWyZcLhZVJwpx+dOUYR727DmTpZc3uS1tYacl1sRiI0qCt/wCuLTrVPV6q+032HYDQOTYRnyrRpQ/lYGhOMF2XUNiUu9yqPgb+dDh41WW3jjUAANhYAAAAAAAAAAAAAAAAAAAAABzXnlDZx035dOnLw2f0nSjn/P8Ap2xVCXlUdn1Zyf6jV42N4pYX8KPEUboralIvFG6Iiwjm5JOK2YSnJyvbZirvRNnDw3nelN6Klo2zmbh6PUnty6ZylCo7JKjCSajsPXak2uvotHqlKolyNU1Ww1k09p2knRnWTWWmxCXpyI+CdWClXpOUei2VKcXZx27pd67PSjexzyzuYYV+Wd6S+c+Dp06rjCSc7y6WMVaCd8pW+i3q4rTzXsqaxYLk+TqKk5wVWU1Bxk53VSTXVk9nW710855T5Nk4SqRcJQj0l2nJfy1ByyaX9SPiRbczM6RMblBjEv8AmlTUas60tKFOc/7rWXhfgU8IFrGfR4Sq+2tNQXnS1/CRhW3zMqR32tPg0TniMZWeuxBN+epOUn+VHQzR/gqpfI4mp5VdQXdGnF/qZvB1sEaxw2Mf5YAAXMwAAAAAAAAAAAAAAAAAAAAANJ+EaHWwk/8Adj+Vm7GpfCLT+SoS8mtbjF+4o4mN4rMb+GuUtD2jPYlNqLk5UpwitlSW1KyV09Vc8w+iPcVTyR5il+W7GY7JPxhK76OqttylUWUowk8NWo2heV9n5SLs9ErZ5EHCRcLU3TlKnOFSE3a1SW32xW1s3WzTav2x85HdMdEbvqFabGtNPDuUalSVGtCoqkowjPoo2apbSb2llk3ofOBk40Z0pQqJy+MK6jFpdIqMVq1205cUROiHRD1BpH2LZbjPy/LZhQpeTDbl9qX+eJloUNqUY75Jei5B5dq7Uqkt7y+ysl4JDHbaJjUN9+Dajs4GD/qVKs/vuP6TaSl5mUtnA4Rb6Sl67cvaXR3scarC+viAAGbIAAAAAAAAAAAAAAAAAAAAADXOflO+Gv5NWD/Fe02MpueEL4St5nTf/wBIleaN47fsifDSsJoiZUwsmlaL6ybj2JpOzd9xEwKyRa1MVLZSey4pW2XFW2bJW8I8EeViK7nmI8KtYGbt1HnpuebWvemerAzy6ustlZxzluWeZJhj6kbJNWi04qysmm3lu1fhuPPjs9MvnqppfrLR5mfNi15lGoRZ4WSTbi0lq8mtWte9MxbJOWJlsuPVcWrWa+s5X4tkZxK7Wr9DlY4PZu+2zS73l7Sj5V09BezRS8oU9qSivpSUeLsbHDzuyvJHZ1/kilsUMPDyaNKPCCRLPIqyS3ZHp6aO0LgAEgAAAAAAAAAAAAAAAAAAAAAFdzhhfDV1/pyfDP2FiRuU4Xo1lvpVF91mN43WYJc/5PgT6kciNgFkWbw+XbeybWy9Hb9+B5jp73or4UskETquEV7XlfzQb7be7iYp4eK1lJZ2XUf+bijp2EYMyVIxy2W3vurWz91jGyvwMcyvw9LaxWHjvr0vzosZnxyDS2sbh/NNy9WLfsNzg+94hXePDqAAPULAAAAAAAAAAAAAAAAAAAAAAAAA+akbpremvA+gBz/BLJegs4z7uzK7voiFSjaUlulJcHYmKeXzpcF7zzk/LaUx4R8Q19X15L02sYJ1F2qm0ne21N3eXu8TJiqktVJ/gQ1Vku1/4vcat8mpmP8ACX1XktEorO91utoYWZuml5T4mOpJvNu73somYnuMMyTzSp3xkH5MKj+7b2kaZacyIXxFSW6k/GUTe4CN5YYy3kAHpkgAAAAAAAAAAAAAAAAAAAAAAAAAA0qtG1Wsv9Wp+dk6Lyv1tF2w1yd/83EblFWr1l9e/FJ+0+tpW7Oz6KOBeeW9mUPuon9ay0tKGV3b3FeulvKztdvXZTelvC3AkVpx83fsfuQnUj9Xu6Nb+81ct435/kfM6Ektp2t5mt+7sMEjPPZds+Ef3Mc1Gzs3fsWzb2mrMd+39iPUL7mHDrYiXmguLb9hQVDZ+YkOpWlvnFcI/udL4bH4sMJ8toAB6FIAAAAAAAAAAAAAAAAAAAAAAAAAANT5ZVsRU8+w/upew+FRyWevmZm5wq1fvpwfjJGOEdPOvZ9k4WesdS2/umGGth8nn3KzzK2rBrVWLecW16PN/wASBUbTa2ZPuS/4mhmpXe0opmWG8p281r27z5UltJ2a6ybvZrXPJJEyVTqNSbvGakoJL5TO2cl3LzFeKlZ3slV4qi4renkn5zb+aGHcKDT1dSTfBGv8r14uTlG7VqWts5ppuN7dmS/tZtPNuFsPTTvfrO71fWebOxwGOK5Z0x+qzAB2AAAAAAAAAAAAAAAAAAAAAAAAAAAGs8518rTe+m1wl+5AjN73xLDnflLDvzVF+V+8q6cjicZGssph9zk974kKpJ31fFkzLtv6EYZRj9a/crfic7JSZSjWDrNZWTtpe+RIcI/W7exegjVUs7adhh05r4QiYqo3r6F2I6HyEmsPQvr0cXxzOdYlHTMBDZpUlupwX3Udj4ZWd2mWMJAAOukAAAAAAAAAAAAAAAAAAAAAAAAAAFRzmwfSUrppSpS21fRq1mvHwNUiprWL4X/A3jlT+VU+ya09TWzcLXLO58iHCrNaKS/t/Y82p5fOy0yLvDElTe7xKPQe4a09vTraW07Nx8VadSX0ZvdaD9iNtp1r5PJ+DMzHoI/UNOwvItSpOMXFwi5K8pK2XbZam+pWy3EGn8+Pf7CebWHBXFGoRAAC5IAAAAAAAAAAAAAAAAAAAAAAAAAAI3KSvSqfZb4ZmsXNvmk009Gne+ljTcXFxlJQUpQv1XkpWAt8FDqvvJGyUeGx0ofRn3bLJsOV12qXqyAnThllr2d5Iv4lcuVY7p+pL3Hr5S3Qm/7bfiBPpfPj6fwJxXcl1Nq7eUuyO5FiAAAAAAAAAAAAAAAAAAAAAAAAAAAAAAfM43TT0as+4jfw6nufFksARP4dT3Pix/Dqe58WSwBF+IU93iz1YKG7xZJAGGnhoxd0s+8zAAAAAAAAAAAAAAAAAAAAAAAAAAAAAAAAAAAAAAAAAAAAAAAAAAAAAAAAAAf/2Q==","data:image/jpeg;base64,/9j/4AAQSkZJRgABAQAAAQABAAD/2wCEAAkGBwgHBhESBxEWFRIWFhoVGRYRFhkXFRcaFREWFhUaHhcbKCggGBolGxMWIT0tJyorLi4vHSAzODUsNyguLisBCgoKDg0NGRAQGysmICUrKy0rLy0tLi0wNy0tLS0rNS01LSstNy0tLS4uMi81Ny8vKy0tLS0tLS8tLS0tKy0vK//AABEIALABHgMBEQACEQEDEQH/xAAcAAEAAgIDAQAAAAAAAAAAAAAABAYFCAECAwf/xAA9EAEAAgECAAkHCgUFAAAAAAAAAQIDBBEFBhIhMUFRcXIHEzVhsbO0IjIzNjdCUoGR0RQjssHwNGKSoeH/xAAaAQEAAwEBAQAAAAAAAAAAAAAAAQMFAgYE/8QALxEBAAIBAgQEBAUFAAAAAAAAAAECAxExBRIhMgRBUXFhocHRIoGR4fATFDNCsf/aAAwDAQACEQMRAD8A+4gAAAAAAAAAAAAAAAAAAAAAAAAAAAAAAAAAAAAAAAAAAAAAAAAAAAAAAAAAAAAAAAAAAAAAAAAAAAAAAAAAAAAAAAAAAAAAAAAAAAAAAAAAAAAAAAAAAAAAAAAAAAA8cmpxY/nzt+Uz7AR7cLaOs88z/wAbfsDvi4S0eWfk3j8949oJUTExzA5AAAAAAAAAAAAAAAAAAAAAAAAAAAAAAABjuG/9Hbb/ADmA4FrE6Ln/AM+TAJ18WPJHy6xPfAO0RFY2gHIAAAAAAAAAAAAAAAAAAAAAAAAAAAAAAOLTtAMJw5ltSs7SIY/gHX57RPyp2i3R1EGq2CQAAAAAAAAAAAAAAAAAAAAAAAAAAAAAAHnnzYtNhm+otFaVjebXmIrEdszPNEImdOsjE6vjPwRgwTbzk2iOf+XS14numI2n9Vd81KRraUaqjwvx34L1VpjFTN+eKYfPbx2HylxN4QeAeNXB2DJNc3nI3tHPOOdo3nr250Y/G4tplFbxL6BpOMvAmrzRTBqcfLmdora3JtM9kVttMy+uMlJ2mFrLOwAAAAAAAAAAAAAAAAAAAAAAAAAAAAABTvK5aacQtTNe3F8RjU541xyidmI4QxUyaCnnIiY+T0xv91i8YtNcEaev0kiNVe4WxRh4CtOnpXfzt+rsivXHq3ZuGOatJlReN/dF4D0+O15nJETzV6Y9dv2VeIyTGmk/zoY43YvjLlyY+EsFaTtWb0mY6ubJGzT4bab1mbeqyu7Yd6RYAAAAAAAAAAAAAAAAAAAAAAAAAAAAAApnlf8As/1Pfi+Ixqs3ZKJ2Y3V1tbQU5MTPRPN4WJxis2wRpH+30kh4cG6zHwb57+Lpa1JiJ5Mb8re1b1ttG/NvM0j9HycN8RGKOXJH3/kq56TLGaLTzWJtXFNOVMzttO1Y6dufqjeXw+J57ZJty6QUjoqnGr0rg8dfeQ1OFdk+6a7tinpVgAAAAAAAAAAAAAAAAAAAAAAAAAAAAACmeWD7P9T4sXxGNVm7JROyHbP5jSV3jfeKx3dE7xt0TzMviOaMWKJnzmPv+pCFqdfFrXtt009fNMWiazHNzbW2nr6IZNPFxa9r+37fNxeXTT62lKzFaxEWrau1ebblxWJ2jbb7vRtEc6v+6rE2jTpMWj9dPh8ExPRRONnpTB46+8h9vCuyfdFd2xT0ywAAAAAAAAAAAAAAAAAAAAAAAAAAAAABTPLB9n+p8WL4jGqzdkonZjNZEzoqber+licYrM4Y09fpJDGZceScVtqzz1nbmn8VWJgx35Z6T5eSvI88cTEV39Si0TFupGypcbPSeDx195Dc4V2T7pru2JjoemWOQAAAAAAAAAAAAAAAAAAAAAAAAAAAAAUzyv8A2f6nvxfEY1WbslE7IGoy5acH1jH0Tt1RP3f/ABj8VveuCOX1+kkIGp1mtvW02md+Tv8ANjpi9Jjq7YZFPEeItrza+Xl8fZxklG87kycjzvTERHRtL5cuS97fj8kRtCocbPSeDx195DY4T2ymu7YivzXpljkAAAAAAAAAAAAAAAAAAAAAAAAAAAAAFM8r/wBn+p8WL4jGqzdkonZCtk5Oir+XXHZ3MviNtMUe5CDqMtZxWjefmz0W2npj1Mml9YmNfn+yu6FtO9Z6ubpneWflrPNMkeSo8bfSWDx195DY4T2ymu7YinzI7np4WOQAAAAAAAAAAAAAAAAAAAAAAAAAAAAAUzywfUDU+LF8RjVZuyUTsgZKVtoa8r1dnZ64ZXEaxbF19RjdVp8da25MTPyJ+9H4q9sd7HpgrXXTXb1j1VZEatLY5rF/U+G9JraYkjyVTjb6SweOPeQ2eE9suq7thsfzI7np4WOwAAAAAAAAAAAAAAAAAAAAAAAAAAAAAKZ5YPqBqfFi+Ixqs3ZKJ2YvV3mmjrt2x29jG4rblwx7/dDG5815xW8Mx0z1zHrYmHNb8Xt9VeTZ5UycqtZmI59u391NrazPQ12VXjd6RweOPeVbHCdpdV3bDYvoo7o9j00bLHZIAAAAAAAAAAAAAAAAAAAAAAAAAAAAApnlg+z/AFPixfEY1WbslE7MZqa0tpK8uez2MjiVYtiiJ9fuhjs2Gs4583bq6/y62LTDGs8s+Su+ztwbo41GGnbyor0zERvaa7zO3RvH/cdrvD4aL77zP/UV6xCocdcfmuE8Mf7495D7+HU5JtV3XdsDh+ir3R7Ho42WO6QAAAAAAAAAAAAAAAAAAAAAAAAAAAABTPLB9QNT4sXxGNVm7JROzEazJemljkz2exi8UvNcXT1coNc95+fO8Rz88R1c/wDZiYs1pv1cW2RdHmtjw7dlv2n2n9SaTorpPRWuONptr8Mz+OP66tThdptzTPwXV3bCYPoa90ex6WNljukAAAAAAAAAAAAAAAAAAAAAAAAAAAAAUvywfUDUeLF8RRVm7JROzDa6YnTV/L2MPiv+L84coV8ta4533229XREdzDrk6xHX5fZEx0RMN4vqbxO/TExvMfitH9o/RZntEwpx7yrnHDm1uDxx/XVo8J2n8l1d2wmD6Gvc9PGyx6JAAAAAAAAAAAAAAAAAAAAAAAAAAAAAFe4/cF34Z4q58OKYi08mY5XRM1yVtt3ztsry15qTECg6rNw1GhrE6PJy4iInas2rO0bbxNe1keMwXzV5dJ+TidfJX9VbjPF96abNHqik7fps+SnDa6aTCqYya7vLTZuMuK38rg++/X/LtG7q3DYtvM/z8itbQTwRxi4f4Ww/xul8xSLxva+8RHyonef0fX4XwUYO2ZnVbENgcVZpjiJ7GxDt3SAAAAAAAAAAAAAAAAAAAAAAAAAAAAAPDW4/O6eY7vaiRFtpd4cTVDznQxPTCOWUn8DG/QcqHTLoOWmKjMLEgAAAAAAAAAAAAAAAAAAAAAAAAAAAAAE84ONoA2gDaANoByAAAAAAAAAAAAAAAAAAAAAAAAAAAAAAAAAAAAAAAAAAAAAAAAAAAD//2Q==","data:image/jpeg;base64,/9j/4AAQSkZJRgABAQAAAQABAAD/2wCEAAkGBw8OEhMQEBEPDw8QEhAOEA8QEA8PEBAPFRIWFhURFRgYKCghGB8mGxUVIT0iJSkrLi4xGB8zODMtNygtLisBCgoKDg0OGhAQGC0mHSUvLS0tLS0tLS0uKy4tNy8tLS0tLS0tLS0rLS0tLS8vMCstLS0tLS0tLS8tLS0rKy0rLf/AABEIAOEA4QMBEQACEQEDEQH/xAAbAAEAAgMBAQAAAAAAAAAAAAAABQcDBAYCAf/EAEUQAAIBAgIDDAcGBAQHAAAAAAABAgMRBCEHEjEFBhMyNEFRcXKBsbMiM2FzkcHDI0JDUqHRFVPC8CRigvEUF4OSk7Lh/8QAGgEBAAMBAQEAAAAAAAAAAAAAAAECAwQGBf/EADMRAQABAwEFBQYGAwEAAAAAAAABAgMRMQQSITJBBTNRcYETImGRofAUQqLB0eFSsfEV/9oADAMBAAIRAxEAPwC8QAAAAAAAAAAAAAAAAAAAAAAAAAAAAAAAAAAAAAAAAAAAAAAA+N2AxvEQW2UV1tJ/qBjnj6K21Id0k/ADx/E6H8yP6gZaeNpS2VIP/UgM6YAAAAAAAAAAAAAAAAAAAAAAAAAAAPjVwNDHwSje2fxAhsI+EbTttUdi5yBMvceh+X9SR8luLQ5k49Un8wPuH3N4OScaklHa1sv7AJAAAAAAAAAAAAAAAAAAAAAAAAAAAAGjulxfiBCblL0n2o+JEDqSQAAAAAAAAAAAAAAAAAAAAAAAAAAAAAxykwIfdGu81d2+IQgf+PlGdk7Z34sSEukwWOm3FSd03bYufZs9pKEsEgAAAAAAAAAAAAAAAAAAAAAAAAAAAMT5whA7pvaQOWrT+0K5HVYB5w7UPEuOiCQAAAAAAAAAAAAAAAAAAAAAAAAAAPNSpGKvJqK6W0kBCY3fPgaLlGdeCktqip1LdeomZzdojWUTLmcdvvwE76tZvb+FWXjExq2q1HX6SpNcR/yXP1t3MM56yqZdif7GP4u3nX6Sr7SPj8pdVuLvhwladOEK0HNyjaMlKDdnnbWSOum9RVpK8Tl3EZJ5pprpWZqu+gAAAAAAAAAAAAAAAAAAAAAAAACtNLe7eIoVMNh6VWdKFVSlU4OcqcpvWjFLWjnbbkmtpybTXVExESiZZZ7kUFeXB03JX9KUdeV+lt5vvIrmIiZQ5fHbmOSlKXBOybs6FPOy9p5X8ZVNeJmfmrNM4zl5rbgU6VGFT0HOcddx4OEUvZbY+tG1VyvOv+2U8IygqlGEr3hTdlfi/wD01iuqMcZZ70pbA7iqShJqk4uN9VwvtWzwMPxm7XMcW1NM65Y8dh6WG+0s6b4t6LlTay2qzO/Z9sm7Vu0ytvTpl1OiHfFiMTXxGHqVZ1qMIa9LhHKc42mo8aV3mnsbezmPr7NXVMzFTSMrSOxIAAAAAAAAAAAAAAAAAAAAAAAp/TVyvBdiXmxOXaOalEuoqrKXUzO7y1eUoc7i36E+zLwPE0TmuJ+K1fLLxu7RcsNQsm/sIxertvLYkfWmJ3qcffGXNOkOSwVFRhJZ8We3NlrlUzVGfgpLrMCvQh2I+B8mvnn1dMcsILfV6t9r5M+j2d3nopGrf0E8rxXuX5sT0uz80+TWF2HYkAAAAAAAAAAAAAAAAAAAAAAAU/pq5XguxLzYnLf5oRLqamyXVLwKXeWrylDnakdZOL2NNfE8NTOJytMZ4JjerVUlq1JNypVqdOlklalGLbkrZylZyWWaylzO3p+za6K6Ymeb9vv5asafBCb6dzqEcQ4U53qOc419VKzi1dSlbJVHne2TylZNtGXac0W6sxzff1Vqpjew9UYqKSWxKy7kefzmctujn99Pq32vkz6XZ3eejONW9oK5XifcvzYnptn5vRrC7DsSAAAAAAAAAAAAAAAAAAAAAAAKf01cswPYfmxOW/zQiXUtXuum6+JWuMxMIR/8LbdozTV6kbtNPWhOEHlnl6az6zy0dnTNWKavHp4TEfvqs1KeHnFVoQk1KGtX14txlGdNpLUfUpPqTL2KK43oieNH7feWVUYaWA3HaqwjOclUqypzTlGUlJ1Umpa33l6Wb6U9pe7Z3q6aKquNWOnjjH9q008cpCOCvB1VJOKUnZppu04Q8ai+ByzsmLXtYq4f3Efu0cpvp9W+v5M37O7z0UjVvaCuWYn3L82J6bZ+b0awuw7EgAAAAAAAAAAAAAAAAAAAAAACn9NXLMD2X5sTlv8ANCJdS3a76Hf4FapxmUNT+Iu7m4wc3dKXCWfBuanqPps0rPovtyt5yNune35iM+fTOceniswU8W4VHOKhb0qkoylGWspTinG9slquS/1MWr2KpqpxrmeMTr004dfmzqnEtbA4vUUVGzjSrRrRjOtwii192OS1U+fbeyJqv7u5EYxE73Gc6dI4aK0M1DE2p8E1Fpqa1lUSec6c9ln/AC7d5lTeiLPspx16/GJ8Pgu5LfR6qXX8mOzu89FOrc0F8sxPuZebE9Ps/N6NYXadiQAAAAAAAAAAAAAAAAAAAAAABT+mnlmB7L82Jy3+aES6ep97vKXOWUIFnhVnmP3/AHf1IHXs/LUyramE+91md3WFbfVs09vx8CkLoHfR6qXX8mfQ7O7xXq29BnLMR7mXmRPT7PzejWF3HYkAAAAAAAAAAAAAAAAAAAAAAAU/pp5Zgey/Nict/mhEunqbJd5S5yyhAs8Nuz4LPK2y92/NpnXs8Tu1cOjK41cKuN1md2J4cFbfVsU9vx8DOF0Fvo9VLr/c+h2f3ivVtaDOWYj3L8xHp9n5msLuOxIAAAAAAAAAAAAAAAAAAAAAAAqDTTyzA9l+bE5b/NCJdVGrqqorJ6ylF3bXou90rd3wIqnFNSEet15KTlq31tVyjKblFW1naH5VeSaS2W5zy8dpTFUzu64zmfDOnhHHh5LMdXdVy146rzw/B8dWWq4pSVkn96+39Mjanb5rpq4dMa/0zrlrUd1nPhFUi5qWT+0d7asI5Np/y797K3dvzGK6cxPx8vh8FaJzlrUtq7/A+Wsgt9Hqpdf7n0Ozu8hXq2tBnLMR7p+Yj0+z8zWF3HYkAAAAAAAAAAAAAAAAAAAAAAAVBpo5Zgey/Nict/mhEun1dbWzS27XbpK1xmJQhlQbV9aC2qzlmtv7HjKdmmYzmI9Vnz/hXd+nS9XJcdZenDadNnZpiJ96Pmyr1aVOg4a3pQleTXoy1rNf7mW0W5oxOY9FaI1e6W1d/gc6/VCb5/VS6/3O/s/vIV6tnQbyzEe6fmI9Rs/M1hdx2JAAAAAAAAAAAAAAAAAAAAAAAFQaaOWYHsvzYnLf5qUS6mlO2tt23y1diT6e4iZxlCP4a+d6jfo/yuvxPM+1zGeP6UsdSaknF8I04PnopWU4Wsvga0VRVRNM5/SzrRkVTWtqqabaacnF5Z3vbuOPaItxEbsTlWjq+09q/vmONaNUJvn9VLrPodn97COrY0HctxHun5iPUbPzNYXediQAAAAAAAAAAAAAAAAAAAAAABUGmjlmB7L82Jy3+aES6VPbnFdab+TK1aShCzq22OD6o/ukeNquTGkxPp/MJYuGd5cX1bfFjb1lM22e5OKtPkyr+/owYWu/T4vG/LH2lLl2rhp8kUdWWM9aSbt3JLmMa6pqnMrRqg98/qp9Z29n97COrY0H8sxHun5iPUWOZrC7zsSAAAAAAAAAAAAAAAAAAAAAAAKg0z8twPZ+tE5b/NCJdRQXGyb2bNX29JE9UNJQk3ZRlZO2yhe/z2x/tHnoirSIn9KWCaquT1I3tSy1o045ucGlllzbC1HtMzux064ZV5R9LC1PtJuKS1pN2cebbkcV+xcmd6YRRpLzS4yONaNUNvn9VM7uz+9hHVm0Ictr+6+pE9RY5msLwO1IAAAAAAAAAAAAAAAAAAAAAAAqHTLy3AdX1onLf5qUS6NNZ3t/2qRSrSUIfWh/lfXT9vWeRiuiI1j5JfHOHpZR4kvw10wfSdFiuiYq008P7ZVtTD8G00na0m8qaTzfXmZXtyccforRpLJFRvlJt8y1bX/Uwqijd4T9Fo1Qm+f1Uzq7P72Dqy6EeW1/dfVieosczWF4nakAAAAAAAAAAAAAAAAAAAAAAAVFpk5bgOr60Tlv81KJT8tj7zOvSUIJniEvj/pkv0v8jp2b83kyuNbDbZLqfiUudFKOrNDjIp0X6onfN6qZ27B3sHV70Jctr+6+rE9RY5msLyO1IAAAAAAAAAAAAAAAAAAAAAAAqHTLy3AdX1onLf5qUS6LVumZ1aShFLDLn1vbt/Y8tGzU445+/RDFPDys2rO0Z5K7fEkLViqmZ8pUr0aWFpt1HG1m77U+aUrszqtzVMUs6NUrTwHpQioVJSmtaOTvKNuNFdHc+8642SnEUxEzM6fzH3LTHFzm+ylq0586aTT6VcjZbe5eiOh1edCfLa/uvqwPSWOZrC8ztSAAAAAAAAAAAAAAAAAAAAAAAKh0y8twHZ+tE5b/ADQiXQq2d3b4e3pM6tJQi1KP5ssueN9j9vUeaiqn/L/X8qvlR5ejKPFntlH8kuhlqKvf92Y6oq0aaqauIzcbN1I3WatJKUc+/wASKq8V8cMon30vh8WqdSnJ01NpOFbWSkqkNsIpSulzZ5HTbvblVMzTmdJ+MdNWmeLmN98r05LK6zlb8zauv0/UzsVZvUx14585OrFoT5bX919WB6CxzNYXmdqQAAAAAAAAAAAAAAAAAAAAAABUGmXl2B7P1onLf5oRKeq/uYXNEIJnjVXukrtLpdvjl8zSzOLkInRo1pelCXTwf/pq/wBBtXGvk588Y9G0qkk0lKSXRd2+BjFyqKcZ4NfzIrfJ6qfd4nTsHewt1NCvLa/uvqwPU2OZrC9DtSAAAAAAAAAAAAAAAAAAAAAAAKg0y8uwHZXnROW/zQiU9V5+8wuaShDUabeerrJZPOyPI26JnjjMIZFG34fU9Z5P/c1inH5PqjDSx9JxTepsTaeva2rO/fZSZ0xRw40+PVzVxhkjFtxk1q61ml7GcNyiacxMNo4zEorfJ6qfd4nTsHe0p6mhbltf3P1YHqbHM1heh2pAAAAAAAAAAAAAAAAAAAAAAAFQaZn/AI3A9n6yOW/zQiU5Ue3vMLnVCFR43OEPRGZThF4urk1OSi1w1k5JXtqOP6HdTnEY46OSvWc/Fu4B3jDsrwOa5M70trekI7fL6qfd4nRsHe0pnV40Kv8Axtf3P1YHqrPM1hex2pAAAAAAAAAAAAAAAAAAAAAAAFV6ZcFN1MNXUW4QjKOtzKakpJP++Y5dojjEolio7vUqtNTT2r0lbiy50zkuXKc4mcK5c/it8FrpQcfbl8z4FOxceMs6rk9IQ1fd6ad1Oon2svgnY66djpxpDHNfjL5DfJnepTjUe1NqN77O4mdh4e7OE+9rMNqlvxjG16atdvOfS7mf/mTP5vo0pqnwaO7W+ynXhKnGnK8rLW1slnmb7P2dVarire0aYy6rQphJuvWrKElTcI09Z7HNzjKy7kz7FjjVK8LtO1IAAAAAAAAAAAAAAAAAAAAAAAiN3Y8Jam86bV5R5pO/P7MilXHgOeq7zsFLbRir7dVyj4HPVYonWFcNOe8Xc9u/Ayfs4SdinsKPAxDXq7wNzn+DJdVSZaLFCN2GL/l1uc/wZ/8AlmT7Kk3YZKWj3c1fgSf/AFJ/uVmzTPVOGVbw9zoZxw8b/wCaU5fo2WptUpw6Xevh1Qk6EElSjDWhH8j1ti9mZvRTu8IIdGaJAAAAAAAAAAAAAAAAAAAAAAAEbulxo9XzKyPLKyhhMwA+MD6gPFQtA97ketl2P6kaRqlNFgAAAAAAAAAAAH//2Q==","data:image/jpeg;base64,/9j/4AAQSkZJRgABAQAAAQABAAD/2wCEAAkGBxIREhIQEBAQEg8SEBESEBISFQ8QFhUQFhIWFhUWFRUaHyggGBolGxcVITEiJSkrLi8uFx81ODMtNygtLisBCgoKDg0OGxAQGjUlHyUtLi8uLS8tLS0tLTItLS0xLS0rLTctLystLS0tLS0tLS01LS0tLS0tLS0tLS0rLS0tLf/AABEIAOEA4QMBEQACEQEDEQH/xAAcAAEAAgMBAQEAAAAAAAAAAAAABAUCAwYBBwj/xABCEAACAQICAwwHBwMDBQAAAAAAAQIDEQQhBRIxBhMiMkFRYXGBkaHBIzNScrGy0VNigpKiwvBCY/EVc5MHFBYkQ//EABoBAQACAwEAAAAAAAAAAAAAAAABAgMEBQb/xAAwEQEAAgEBBgQGAgEFAAAAAAAAAQIRAwQSITFBUQUTYZEiMnGBobHB8CMUM1Lh8f/aAAwDAQACEQMRAD8A+4gAAAAAAAAAAAAAAAAAAAAAAAAAAAAAAAAAAAAAAAAAAAAAAAAAAAAAAAAAAAAAAAAAAAAAAAAAAAAAAAAAAAAAAAAAAAAAAAAAAAAAAAAAAAAAAAAAAAAAAAAAAAAAAAAAAAAAAAAAAAAAAAAAAAAAAAAAAAAAAAAAAAAAAAAAAAAAAAasSm4SS26srddiLRmES/P9PSlSKXpayy56vkeci1+/5cHzpjrPvL1aZqfbV++qXi9o6/n/ALWjXnvPvLZ/5BV+3xHJ/VW+pab2nr+ZW/1E92iem6rv6fEds6v1I379/wAyjz57z7y1vStX7et+et9SN+/f8q+bPefeR6Uqfb1/z1fqRvanf8nm+s+8vY6Xqr/71/zVhNtTv+U+bPefeX0j/pZipypYmcnOSUqeq5ubztK9rnR8P3vim3p/Lo7HabVmXcwryfIvE6LcZb7Lo8QG+y6O5gN9l0dzA1zxEk1xc2lsfP1gSwAAAAAAAAAAAAAAAAAB8K03o7VrV4JerrVYpfcUnq/pseV2ifL1rV9XC2jS+KfqqN5I32ph5vQ3oMCojeTEG9DeDeid5OG/RujpVqsKMONUmoLmV3tfQln2F9OPMtFY6rUpN7REPru4WhDeK29+pdedOi/7VJKmpfimpzfTNnd2SIinDll3NmiN2ccs/rgu8LNNdKdmulbTabDfYBYDxgabXlFdPwzAnAAAAAAAAAAAAAAAAAAD5dukw9sdiVbKW9yXbSjfxTPJ+MRNNfMejn6tInVmHNY3Bar6DV0tXehz9XSmsojgZcsWFxo3c3UrUp1XeC1XKldXU9WSUpSf9MFe1+m+yLa3tHY7alN6fs2NLZbXrveyorUHCTjOLjOLalF5NNPNM07RNZxLXmJicSxUCuUug3N096hisW9tDDyjT/3qvAi12X7zb2ScRe/aPzLa2eN2LX7R+30LcFh970fhl7VPfP8AklKp+47+zVxpVj0dLZYxo1+iTSlq1qkeRyuu0zthYJgGBiwNeH4/VF/FATQAAAAAAAAAAAAAAAAAB883YU7Y+/tYem+6U15HmPHoxaJ9Gpqx/k+yq0jh7q5wNG+JwptGnwVdbRVVO29yv0LW5Yrk5byjl95c51Y0dTlhoW0bZ5N+idJ4ihGUKV2qicIOzbjJ2ctTkvbkd7XT68+htWpp1mtevCFtK+pSJivXghf6dVd5OnN5yu2m7tK8s+V2zZj8vUtxwx+VaWH/AGrUnGSalFtSTyaadmmYLTu8JTGnOeMLLTNTedGxh/VXrTqP3KSsv1WN/T4aFY/5Tn2ZtT4dCI6zL6vofD73Qo0/s6NKH5YJeR6SsYrEOtSMViELG5V0+eKLLJ0GBn2AeMDDB8aXQl4/4AmAAAAAAAAAAAAAAAAAADht3MLYnDy9qlOP5ZX/AHHn/Hq/BWWrrf7lZVleF4PqPKUnEr2jNUiGNSm5uFs1lGdFXW+UpuUk5cf0aXSrbLZ+kptdZnex+Y9J4+zDvRnKBhouEN7Sta0ozvQlw84y1oOWrZwm4tXztEw01t2N2OnGJ4fr15MdYxGCFovg01GCnXkkp0rLfKCppJaztnd2u7J2zL1161tmI4ZnrHWMIiMTwjv+sIuPSlVqTV7TnOeerda0m7cFtZX5zQ2i0TeZjqraOMzCNuthrzoYbkjGhRa+/Npz+ZLsOpXjqU0+0RCu0Rm0V+kfl9mPSusqNMK04MCNXq66g0mrVEs7f04ujFvLkdm+p52HVEue3OUoPEU5LDuLbqT144WdKCvSlFKFR01q09V7HK8nZ3zaeS2cIjm7hmNZjgdsuzzAlgAAAAAAAAAAAAAAAAADj938OFhZc0qse9RfkcXxyudCJ9Wtr86q6hTvHsPJVrmrNEZhVTpZ7BFmranF4qXQTvI3DeRvSncbcNQTlFPZda3urN+FzJozm8RKYpxVyi62Pw19ssXTqPsqKb8EdfYLTqa+93lrzG9q1+r7GerdRVacXFfT8P8AIFc8opSbfpG1Zxyvi6Mkuy6y25CeaJaNC46Uq2o6iVNpONGmpVYw1oylTjOvJpqThCUt7jFaqtd5xvaYjBClWk9IvSe9yo6sIxaUN+TpTw7qL0ihq3uoq+u7Wk3HO8Yl92m5lGZy7zALjP71vBPzMSyWAAAAAAAAAAAAAAAAAAOX3fQ9FRlzV0u+Evocvxeudnlr7Ryj6q3BQ4K6jymnTMM1eSFiKNm+s07cJmFbU4tapkbyN17qEZN2Xko2XgWrbsYwhbnqetpPDc0ZVZPsozt42PQ+Dx/khpVjOvX7/p9YPVOkrdNrgrt8voBUxjaPXLW6eFXpPa+byRHWEdUDRmMc8TBRqY3VdarNwnHRaou9OottKO+NZqzbbyV75mWY4f8Ao62ewxpNHrKXv/tiBKAAAAAAAAAAAAAAAAAAFDu0p3w6fs1YP4rzNHxGM6EsG0R8H3hV6PhwV1HmdOjNTk0Yyjwjm7VSa3Wwj72a2J7Iw93omKyYaq8LIyVorbk0bi6V9IN+xQqS8Yx/cel8Fj4/s0tLjr59H0w9K30DTK4C95/LL6AVuDSbimk1qyyaT5YNfAjrCOq2grJJZJJJJbEuZEpe1NgHuA4r96X0AkgAAAAAAAAAAAAAAAAACp3UQvhp9Dg/1xNXbIzo2/vVj1flVWjktVXva3IcLSpHVkpybcTSjtd+Xq6LmPX0tGZ+LKyOqcMsnyX29N/LxNTydDt+xpdL+ZmHyhHxEMi9dJS3I3C0f/arz5qSj+aaf7TteEUxe0+n7auhHx2l3h322haWXAXvL4NAVOCfCj+JfD6FZ5wjqt4FkvauwDLR/E/FP55ASQAAAAAAAAAAAAAAAAABB01G9Covu37mmYdeM6dvorf5ZUujkrK+zsOLp1jPFNOSViIK2yXRxfHwLaulWY5cF2hU1zVLfhNeNGnafwNdSEV7V7ZXt/Ocx206R0kQ8SsmUiqtuSRuGp8LEy53TXdrvzR1vC6Y35+n8sGjHN1p12dD0p6v8UfmSApsJxo+8/lZWeaOq5gWS9q7AM8BxF1z+dgSAAAAAAAAAAAAAAAAAABH0gr0qi/tz+VlNX5J+konk57AP+ZHEr8xXkmSX3o+BeYzGN6F2twXtQ/SUmsZ4TAwqZbHF9KUWY7Zrwif0K7GvJmHmpbkstxMfR1Zc9W3dFfU7Hh0Y05n1/hj0uTozoMqJpT1Uvw/MgKXDcaPvv5JEdUdUijipyjiVe0qcpxhLg5ejUk7PLK/L17Gkl+FZJ5JdGprU4ybUrxT1lZp9KaysRWc1iUxySsBxI9vzMsJAAAAAAAAAAAAAAAAAAAwrRvGS54teBW0ZjA5jA8lvocOuZngrVNz2WfezLG9PDDI8alzS72VmLx0ODXUT5Yvlzz5Clqzzmoqce8ma8wx3ngvNx8LYe/tVJv4LyO1sMY0fvKul8q8NxkRdJr0U+rzQHN4u+pO0nB2qWkrpx9HPNWz7syOsf3oiU3DZwxS1bSbbecXrN0I555LmzyyuNSM1J5JeE9TDO9opcj2ZciS8ERT5YI5J2A9XHq82WSkAAAAAAAAAAAAAAAAAAAByeGy7Oc4E8JVrzTb9Ee4vvejIxcuiPYik29DDTIqKrSUsmY2HU5On3LxthqfTrPvnI7myRjRqnT+WFqbK6PpBeiqe5L4AcliVlW28Vu18vUT2X2bCesf3oqtMBUbjiVd5WtqxV0nQjsTSUne/Oit+R0Totb3HVUkrKykrNdDXIyK4xGExyS8B6uPUWSkAAAAAAAAAAAAAAAAAAAByaynNc05Luk0cHUjF5+s/tWOaWhDIwbMaWmpIiVVNpORRr6s8Ha6DhbD0V/ai+9X8z0GzxjSr9IZa8oTjMs0Y71dT/bn8rA5Gu7Kq8mt7bs9S2VCrdO98tm1W68x2Qs9GN2xDlyqDlndepXJqtbLcj6uQW5ITMMrUo5NZN2aSau27WSS8EUp8sJjknYD1cPdXwLpSAAAAAAAAAAAAAAAAAAAA5KrlWqJ7N8m+bJyv5nE14iNWc92OPmS0480rdaK5p0ZYYSa5L9N7GKZr0S0ViiJUWk2Vlq6r6FgYatOnHmpwXdFHpNOMViPRsRyby6WnFq9Oa54S+DA5ynQjJtSjN6yalwamxxcdsehsGFrhcNCOvqxmt8tr5Vc7QUFbm4KSyE8RlUhGEFGEHGMVZRjFxSXQREREYgiMJmDjanBPkhH4EjcAAAAAAAAAAAAAAAAAAAHMaZw041pTjHWjO0stqdknl2X7Tl7Xs2pN96kZUnOctEJT9mXczR3NSvOs+0rZeuEuZ9zMfl37T7SZno11KcvZk30RbLxpWnpPtKJmUb/AEmrVajqSim1eUk0l3mbT2S9p5MM1m0u5SO62HoGFZcGXuv4AVGCAtaYGGK4vYBto8WPur4AZgAAAAAAAAAAAAAAAAAABW6S4y91fFk15DDDFsiQm/5cgbYSuA5V1oCQVADySyApsB9ALWAGvFcV9QG6lxV1L4AZgAAAAAAAAAAAAAAAAAABC0hT2O2WxlqjVhbISJKQGSiB7FZkSNxAAAKyhhZRezKyzVtoE+CYGOIg5JpcwG2KskugD0AAAAAAAAAAAAAAAAAAAAGDpR5kB7va5icyGouYgepAegAAAAAAAAAAAAAAAAAAAAAAAAAAAAAAAAAAAAAAAAAAAAAAAAAAAAAAAAAAAAAAAAAAAAAAAAAAAAAAAAAAAAAAAAAAAAAAAAAAAAAAAAAAAAAAAAAAAAAAAAAAAAAAAAAAAAAAAAAAAAAAAAAAAAAAAAAAAAAAAAAAAAAAAAAAAAAAAAAAAAAAAAAAB//Z","data:image/jpeg;base64,/9j/4AAQSkZJRgABAQAAAQABAAD/2wCEAAkGBw8PDw8ODw8PDw8NDQ0NDQ0NDQ8NDQ8NFREWFhURFRUYHSggGBolHRUVITEhJSkrLi4uFx8zODMtNygtLisBCgoKDg0OGxAQFS0fHyUrKysrLSsvLS0rLS0tLS0tKy0rLS0tKy0tLS0tLS0rLS0tLS0tLS0rLS0tLS0tKy0tLf/AABEIAOEA4QMBIgACEQEDEQH/xAAcAAACAwEBAQEAAAAAAAAAAAAAAgEDBAUGBwj/xAA+EAACAgEBBAYHBgUCBwAAAAAAAQIRAyEEBRIxIkFRYXGxBjJygZGhwRMjQlKS8BQzYoLRFXMWJFOy0uHx/8QAGQEBAAMBAQAAAAAAAAAAAAAAAAEDBAIF/8QAKREBAQACAQMDAwMFAAAAAAAAAAECEQMEMTISIVETQWEUIvAzQlJigf/aAAwDAQACEQMRAD8A9AQyWBieISUROEtYUAiQ8UTQyQSlDJAkMkSkEUMkFBKtoiiyiKASiSaCgAAAAAAAAAAAAAAAAAgCSAAAAAAAARkDMUhwAAAGQ6QiHQTDIlAiUg6COnuvZcM7eR3JPSCfDp295zTdumClkaf5W/mjvDus4pLlJXRnurDLSKcX3Sf1OPt2yvFPgbvRNOq0PV49nVLtWqfWcDfG2rK+Dgp45yjxXbaTquXcW8kx0v5+PHGbcuiKHoKKGRW0RRZRFAIA1BQCkDURQEEgAABIAKBIAQQSQBJBJBCEMRljEYRUAAIOTIdFaHiErEOJEdB1DQjbSXNtJe89LsO68eN8SlLiqukq+R5zF60faXmel2Ob01+ZfxSd2zpsZd2uilXWcTeG548OTKm+LpTq00+t/U7Kb7RNqV45rthLyLLJe7TyYTKe7xgUSkFGR5aKIoagJC0RQzFYEUQyWQwFAuxbNkn6uOcu9RdfEM+zZMdccHG+TfL4k6qfTdb0qCgRKIQWiKHIaAUKJAhCCCaABWKx2IwilAlkBylDxK0PECyIm1bZjwriySUb5LrfgPE4HpVuXNtDx5cGRRnji4vHk1x5I3dPTRnOWXpm13Fh6stNj9IoJpxxylFNOUk02o9bSXM7u6/THd86/wCaxRfZkbxtPsqSR8yju7PjmlPH9hlVSjkjK8L8XdLw+Rs+zzTTlOcJRj6yjGEtPzU4u0U8fUZY73Y9DjwmHZ9cj6S7BV/xmzV3Z4P6mbbvS/YownwTlmkoy0w4pyV1+dpR+Z802WOOEZZIzSil0nwyxwbul6qjevf1FO1b02bK5YYu7gm7wRfEuejvX3l36q2XVizbvYfSNVxThUVo3bjT96Ozse1QzQ44O1y8H2HzrJjcGlgw5Vy6eaDx+FRTqvH4Hr/Q1fcSureRyaXJNpFXFlnvWV2xc3FjjNx3CGMxWaGZApJDJCs2bplU2+tR07tTE2at1Ppy9n6nXH5RZw+cd3+Jklz5utSXtNRblKKVpJyqnz0F2b6mf0hf3Uf9yP8A2svyupt6HJl6cbXI27JGWSTi006ppUuSvTxspQiYyMtu3mW7uzEMkgIKAAQgATQAKxGOKwikZAzFDkIdCoZAWRGYsR6KefwrR0/m5+1O5v2UuzrZztu2eLUXwqoSblaX7Z0trj94vYXmzLti6EvBeaPMre5G79ixylPiUWpdsW381odPBijF9FUr7eZTu6VvIldpRvTl+6Z08mxThCM5LSSvTVxt6KXZ+1zTRGEyv/HMjHti0Rr9F191L2l5Gba/V+Hma/RxVjmuya8jZ03mr5vGuqxGxmIz0GIMVktiNkCHfV19S5nQ3XsmROUnFq1XDyl23Q+58TV5a4l6lfiXazqfa436yafbrZfx4f3NXBxdsqfZscq9WS8Yso35s8p4qitYy4n4JM248ka0k34sslwyVdqoss3NNeWPqmniuFrRpp9jVMZHoN8bGniuK1g3K3+WtUefRmzx9NebycdwujIglAzlwVgSyCECwAAIFZJDCKVisZkByCURQ6QDRLKEiWdRVzeFaOn82DbF017C82Z80W4tRu66m1peqtJ12X3mrbPXXsLzYmNpXabtJUnV9OL59XI82Td03qdmyOEOJJKUZJxfrJV4rXl2HR2neE8uOMFFpK/tX2tu6vqWl66/C3XKpQ4XbqXE7XDxLim34esicmRSjK0k5RakpvHpkSpTUrtaJWktTRjjlhLJl7X+fz5Iw7bss443KSSSmoPpJvit6aeDL9x+rP2l5E7w2jjxzj0bllllSjxOm5N89F+J9TI3L6s/GPkyziknJ+34U8/hXRYjJbIZsYisVksrkwjbr7rbUNO1nQhmletPxVnC3fvTFC8eRuDT9ZpuL6+a5e87GzbRin6uXHL2ckX9TThnjZrb0eHKXCe7dCf9Mf0ovjJ93wKscfD4jSzQiulOEfanFeZ2vJtuuOfsS8jyaR6Dbt64FGUYzWSTi0lDpLVfm5HBSM/JlLfasPU5S5TVBDGoCtmIyBmLQQgCQICAFgBAUSFByhIdIEOkARQ7WgRQ01p7yvm8Kv4POMG2esvZ+rM8zTty6UfZ+rK4YXJWmubVdeiu6WvceZ6bldRvVYo8/eIlz8TZg2OXSdw9WUq6TkklG0+/pLQZ7FFS4ZZFHpJN0qqk71f0Opw5/CGGjVupUsntL6lEYa9WnOmmviad2r+Z7S+pf0/kp5/CtTBkkM3sUVyKZMumUSIc1z8vry8V5FsIleRdOXivItgY+Tyq/DsujGL5qL/tRqxJJaJLwSsq2RwU05pyh1pfvkdHeuTHJ9DV8MeKfU3pp+/AnHH23tZqa2wOWprSMSWqOgkaOLsovclA0WUK0WoVNEUO0RRAWgGoAhmsmyvjI4yEbXIZFSkMpAWoeKK4ssiyUxZFE5V0V4/QIjyjcfBryZXzeFXcHnHK26L+0i76PBTV1Tt68tefdyE4XV1p20aNua4or+lv5i42kte/s7jzZjMstVuVYYSt6ZOrRRdf/SJ4Jq3wtJa21WhqxS6XXqlfLlr/AFV1jTwxk3KpSb5JSXholfmWfRmu4x446eJo3av5njH6kTxtVehbu+OuTxj5Mt6efuU83hVskKWTK2bWBXMqaLpC8IQ5uVdOXivI17A4qT4k3pyUeJ3xLq8LKtoj0n4kwRjzus2jD2jpyhDoNRT4W3NRi6l0YUtdWrv5l0oqMXwqWiyJNReqcZcLemjTcevq7jnY33v4miOqfWdzL8LNo2ySlktcnWmn0ZqowparxOnRfx++6pvvVdCtFtCNFiFTQtFjRFEackoB6AaG9xg/WhF/2orlsWB/gS8G0SSmW6brjL3ih7rxPk5L32R/o66sn6ompMeMh6Y4+lhfswvc+XqlF+9oj/Tsy/Bfg0zqQmXwykeiI+hg4f8AD5FzhL9LLsC0dqtVzXidyORGfeXKPi/Ir5sNYWu+PgmOW5Xn94YunDTouL5Lrvr7uRVDEq0brulSNW34m2ul0ZL1XFNVya95Vigox4VyXLV2eXJ+5oVSxy6uXfJESTpXK+7iuvcaJPq7U71kEUktFH+6vqzu4flFZKNGxr1u+vqJOK7U32JOvia927LLIpNVo0tSzpsb6tKeWW4WRVMrN+Td2TsT8H/kzy2LIvwP3U/I2+m/DDePL4Z2Qi2WzzXOMl4piOLXMhzrTHtC6Q2zSadpW6apq9Ho/wB95O0rVeF/NkYHT/8AaRkz82jHtG7Ftcl+CL1vWLbXLl2LTkXY8+VrSL0SSqMtaTrzKI56rm615vn7pFizJxa1+Nf5O5fy73+WWSakr0drRUdI5r5rStUdGy7i7Kb3SxGTYrZagrFJYpCEki2BCGyiaG4Rki/T0CIZDcJPANAiWxYiiWRQTpZFle28o+P0LEirbOS8foV8/wDTrqObtj9XutPuemnzMxo23nDn+JP9+4oWp4+U3k7UZFy94RLpwWnjzpiOFXTT+TIvHYgri3yTdc6R2vR31MntR8iiPDFdi4ZL3prV+76k7izxjGafXJP5HodPx+jOe/2R2dqQlCrMnyYyZvQmhZRT5pPxVhYAeY35FLM0kkuGNJKlyMmBpPXs/fUzVv8Af38vZj5GHG1evYeXy+dZMu9dCOWP9P6V/wCJbHMktHWnUl/hGFQj+b5M0RUUud+9L6HWNpuoiuJpK7b5vrdnUlsORdj8H/k5mBrjjX5o8r7e89LxGjhksqcOOZb25Utlyfl+DTK5YZr8Ev0s7Nkpl3ojr9PPl5+Sa5prxVCWelsWWOL5xi/FJkfT/Lm9N+XnLA9D9hD8kP0RAj6d+Ufpr8qHifYLwm6iHBPqLtNemNRHUS94UR9iwaIoDrERwtdQ8WwD7MzbwVKPtfQ3QyM5XpRtP2eBZFScZrmm4tU9GVc39Op7e7n7ZLWK7eJrw0RSpHF2r0lglBzjTfHrCXF2dqRX/wAUbP1ua/tvyPHymW9yHrx+XcnlrqXzFU76kuvRHJe+YSjxRx5ZL1k+GME+qtX2vzMm0b7yRScYYYO5qUdozperWirr15HU4uTJFzkejnllVXpy9xdu56S8UeOl6UtaNYpu5q8TyRgqdJ9Jap8+Z6n0LyS2rDPI6/mVSVJKuSNfT8ecy93Nsymo60DVDIyXsbXUHBRu0iSw6yjLKivhI4SXTzm/5ffy8I+RzoZWna/ybd/aZmv6Y+RzL1PM5fOsWd963Y9pl2/v9o0Rm2urt0STMmOFc0+Sek4/E2Y40ur3y/wJv7olqdnfTj7S8z0KyHmsT6S8V5nbxyZq6ftV3De7bGQ6ZRCy+JpaIdDEJDUS6QBPCAQsoKGokl0SiaGCgIoOFDUSElWNGHfe6FtWCWFy4W6lCdXwyXK11o6KJIs3NU0+Jek/ottuBx+5ySjFy+8wxlmx061uKuPL8SR5PJtDVwbi2ucW1afuP00mV59nx5P5mPHP/chGfmin6E+1U3gl7XT8zx2trqXjXUW7LOWV8OOHHLV1BOTfdSXM/RMNybHF8Udk2VS/Mtlwp/HhNuLHGOkYxiuyMVFfIfRjn9P/ALPhm6fQreW1ON4ZbPjfPJnXBS7oPVn1z0a3HDYcEcMW5finN85S62dhkFuOMi3HCY9isWUU+odkEulEsK8Cp4TUxGDTzO/915ZS+0hFzVJSUdZKuuus89KDi6lcX2STi/gz6MDSfNJ+KszcnTTK7l0oz4Jl77fPoV2r4o1Ynapa6V0dT2n8Lj/6cP0RLI44rlFLwSRxOlv+TidN+Xlth3bOUlJxaSd66Hchs1G5kUacOOYzS7DjmMZliLIwLaCjt3oqRNDJE0EloBqJAkmiaCiUooKJokBaJokAAAACQIJCQCAAIZBLAIK2BDBADFaGACugHoigIGQUSkAtBQ9BQC0FD0FALRNDUAC0QMABZNgAAAAAEkEhIIJIACSCQAAAAFZLEkwFkxeIiTFsIWcQcRXYWA/EHEJYWBZxDKRVZNgWcRNldhxAW2FlfESmBZZIiY1gSAvGgAYAAAJAAkAAABDAAJAAAAAAIZXIAAqkKwAIQSAAAAAAMgAAAAAklAADomXIAAQAAgf/2Q=="
